MEMORY
  total           13532 KB
  struct            159 KB
  buffer             60 KB
  arena           13312 KB, used 0.1%

SIZES
  narena                13631488
  nbuffer               61936
  nplugin               0
  maxuse_stack          18240
  maxuse_arena          18240
  maxuse_con            4
  maxuse_efc            16
  ncon                  4
  ne                    0
  nf                    0
  nl                    0
  nefc                  16
  nJ                    64
  nY                    0
  nA                    0
  nisland               1
  nidof                 4
  ntree_awake           1
  nbody_awake           5
  nparent_awake         4
  nv_awake              4
  flg_energypos         0
  flg_energyvel         0
  flg_subtreevel        0
  flg_rnepost           0
  threadpool            0

SOLVER STAT
  solver_fwdinv =   0         0       
  ISLAND 0
    solver_niter = 1
    solver_nnz = 16
      0:  improvement =  1.2         gradient =  1.6e-16     lineslope =  0       
          nactive = 8   nchange = 0   neval = 2   nupdate = 0

ENERGY =   0         0       

TIME =  0       

QPOS
   0       
   0       
   0       
   0       

QVEL
   0       
   0       
   0       
   0       

QACC_WARMSTART
   0       
   0       
   0       
   0       

QFRC_APPLIED
   0       
   0       
   0       
   0       

XFRC_APPLIED
   0         0         0         0         0         0       
   0         0         0         0         0         0       
   0         0         0         0         0         0       
   0         0         0         0         0         0       
   0         0         0         0         0         0       

QACC
  -0.18    
  -65      
   16      
   1.3e+02 

TREE_ASLEEP
  -11

XPOS
   0         0         0       
  -0.069    -0.1       0.051   
  -0.08     -0.1       0.099   
  -0.014    -0.078     0.18    
   0.08     -0.064     0.12    

XQUAT
   1         0         0         0       
   1         0         0         0       
   0.91      0.028    -0.4       0.065   
   0.97     -0.018     0.25      0.068   
  -4e-06    -1        -0.07      4.7e-06 

XMAT
   1         0         0         0         1         0         0         0         1       
   1         0         0         0         1         0         0         0         1       
   0.67     -0.14     -0.72      0.096     0.99     -0.1       0.73      6.9e-18   0.68    
   0.87     -0.14      0.48      0.12      0.99      0.068    -0.48     -6.9e-18   0.88    
   0.99      0.14     -8.9e-06   0.14     -0.99     -8.7e-06  -1e-05     7.3e-06  -1       

XIPOS
   0         0         0       
  -0.073    -0.081     0.076   
  -0.031    -0.1       0.15    
   0.03     -0.067     0.15    
   0.11     -0.072     0.12    

XIMAT
   1         0         0         0         1         0         0         0         1       
   0.097     0.1       0.99     -0.67     -0.73      0.14      0.74     -0.67     -0.0014  
  -0.11     -0.67      0.73      0.99     -0.054     0.11     -0.031     0.74      0.67    
  -0.14      0.55      0.83      0.99      0.076     0.12      0.00058   0.83     -0.55    
   0.099    -0.0059    1        -0.99     -0.018     0.099     0.017    -1        -0.0077  

XANCHOR
  -0.069    -0.1       0.051   
  -0.08     -0.1       0.099   
  -0.014    -0.078     0.18    
   0.08     -0.064     0.12    

XAXIS
   0         0        -1       
   0.14     -0.99     -6.9e-18 
  -0.14      0.99     -6.9e-18 
   0.14     -0.99      7.3e-06 

GEOM_XPOS
  -0.059    -0.086     0.012   
  -0.073    -0.084     0.077   
  -0.03     -0.1       0.15    
   0.039    -0.066     0.14    
   0.11     -0.073     0.12    

GEOM_XMAT
   0.027    -1        -0.029     0.096     0.031    -0.99      1         0.024     0.096   
  -0.14     -0.98     -0.13      0.82     -0.19      0.54     -0.56     -0.033     0.83    
  -0.74      0.033     0.67      0.0085   -1         0.059     0.67      0.049     0.74    
  -0.15      0.5       0.85      0.99      0.085     0.13     -0.0078    0.86     -0.51    
   0.051    -0.011     1        -1        -0.046     0.05      0.046    -1        -0.014   

SUBTREE_COM
  -0.04     -0.084     0.11    
  -0.04     -0.084     0.11    
   0.0055   -0.088     0.15    
   0.054    -0.069     0.14    
   0.11     -0.072     0.12    

CDOF
   0         0        -1         0.02     -0.029     0       
   0.14     -0.99     -6.9e-18  -0.007    -0.001     0.042   
  -0.14      0.99     -6.9e-18  -0.069    -0.0099    0.027   
   0.14     -0.99      7.3e-06   0.016     0.0023   -0.12    

CINERT
   0         0         0         0         0         0         0         0         0         0       
   0.00017   0.00035   0.00023   8.9e-06  -0.00013   3.1e-06  -0.0046    0.0004   -0.0041    0.14    
   0.00017   0.00017   5.5e-05   5.9e-06  -4.4e-05   4.5e-05   0.0005   -0.0011    0.0026    0.057   
   7.9e-05   0.00025   0.00019  -3.9e-05  -7.1e-05  -1.9e-05   0.0021    0.00049   0.0013    0.03    
   6.4e-06   0.0003    0.00029  -2.3e-05  -3.2e-05  -2.5e-06   0.002     0.00015   0.00022   0.013   

CRB
   0         0         0         0         0         0         0         0         0         0       
   0.00042   0.0011    0.00077  -4.7e-05  -0.00028   2.7e-05   8.7e-19   6e-19    -2.6e-18   0.24    
   0.00025   0.00072   0.00054  -5.6e-05  -0.00015   2.4e-05   0.0046   -0.0004    0.0041    0.1     
   8.6e-05   0.00054   0.00048  -6.2e-05  -0.0001   -2.1e-05   0.0041    0.00065   0.0015    0.043   
   6.4e-06   0.0003    0.00029  -2.3e-05  -3.2e-05  -2.5e-06   0.002     0.00015   0.00022   0.013   

QM
   0.0011  
  -2.6e-05   0.0013  
  -2.3e-05  -0.00045   0.00037 
  -2.4e-09   6.9e-05  -4.6e-05   1.5e-05 

M
     0:  0.0011  
     0: -2.6e-05    1:  0.0013  
     0: -2.3e-05    1: -0.00045    2:  0.00037 
     0: -2.4e-09    1:  6.9e-05    2: -4.6e-05    3:  1.5e-05 

QLD
     0:  0.0011  
     0: -0.066      1:  0.00077 
     0: -0.11       1: -1.1        2:  0.00022 
     0: -0.00016    1:  4.7        2: -3.2        3:  1.5e-05 

QLDIAGINV
   9.4e+02 
   1.3e+03 
   4.5e+03 
   6.8e+04 

M: inertia structure
------
 x    |
 xx   |
 xxx  |
 xxxx |
------

iM: block-diagonal inertia (nnzs are island ids)
------
 0    |
 00   |
 000  |
 0000 |
------

TREE_AWAKE
  1

BODY_AWAKE
  -1 1 1 1 1

BODY_AWAKE_IND
  0 1 2 3 4

PARENT_AWAKE_IND
  1 2 3 4

DOF_AWAKE_IND
  0 1 2 3

CONTACT
  0:
     dim           3
     geoms         0 : 1
     exclude       0
     efc_address   0
     solref         0.02      1       
     solimp         0.9       0.95      0.001     0.5       2       
     dist          -1.7e-07 
     includemargin  0       
     pos           -0.078    -0.1       0.051   
     frame          0         0         1         0         1         0        -1         0         0       
     friction       1         1         0.005     0.0001    0.0001  
     mu             1       
     force          0.041     0.025    -0.016     0         0         0       
  1:
     dim           3
     geoms         0 : 1
     exclude       0
     efc_address   4
     solref         0.02      1       
     solimp         0.9       0.95      0.001     0.5       2       
     dist          -1.7e-07 
     includemargin  0       
     pos           -0.061    -0.11      0.051   
     frame          0         0         1         0         1         0        -1         0         0       
     friction       1         1         0.005     0.0001    0.0001  
     mu             1       
     force          0.041    -0.024     0.017     0         0         0       
  2:
     dim           3
     geoms         0 : 1
     exclude       0
     efc_address   8
     solref         0.02      1       
     solimp         0.9       0.95      0.001     0.5       2       
     dist          -1.7e-07 
     includemargin  0       
     pos           -0.075    -0.11      0.051   
     frame          0         0         1         0         1         0        -1         0         0       
     friction       1         1         0.005     0.0001    0.0001  
     mu             1       
     force          0.041     0.018     0.023     0         0         0       
  3:
     dim           3
     geoms         0 : 1
     exclude       0
     efc_address   12
     solref         0.02      1       
     solimp         0.9       0.95      0.001     0.5       2       
     dist          -1.7e-07 
     includemargin  0       
     pos           -0.064    -0.096     0.051   
     frame          0         0         1         0         1         0        -1         0         0       
     friction       1         1         0.005     0.0001    0.0001  
     mu             1       
     force          0.041    -0.017    -0.024     0         0         0       

EFC_TYPE
  6
  6
  6
  6
  6
  6
  6
  6
  6
  6
  6
  6
  6
  6
  6
  6

EFC_ID
  0
  0
  0
  0
  1
  1
  1
  1
  2
  2
  2
  2
  3
  3
  3
  3

EFC_J
   0.0086    0         0         0       
  -0.0086    0         0         0       
  -0.0047    0         0         0       
   0.0047    0         0         0       
  -0.0082    0         0         0       
   0.0082    0         0         0       
   0.0054    0         0         0       
  -0.0054    0         0         0       
   0.0057    0         0         0       
  -0.0057    0         0         0       
   0.0079    0         0         0       
  -0.0079    0         0         0       
  -0.005     0         0         0       
   0.005     0         0         0       
  -0.0084    0         0         0       
   0.0084    0         0         0       

IEFC_J
   0.0086    0         0         0       
  -0.0086    0         0         0       
  -0.0047    0         0         0       
   0.0047    0         0         0       
  -0.0082    0         0         0       
   0.0082    0         0         0       
   0.0054    0         0         0       
  -0.0054    0         0         0       
   0.0057    0         0         0       
  -0.0057    0         0         0       
   0.0079    0         0         0       
  -0.0079    0         0         0       
  -0.005     0         0         0       
   0.005     0         0         0       
  -0.0084    0         0         0       
   0.0084    0         0         0       

EFC_POS
  -1.7e-07 
  -1.7e-07 
  -1.7e-07 
  -1.7e-07 
  -1.7e-07 
  -1.7e-07 
  -1.7e-07 
  -1.7e-07 
  -1.7e-07 
  -1.7e-07 
  -1.7e-07 
  -1.7e-07 
  -1.7e-07 
  -1.7e-07 
  -1.7e-07 
  -1.7e-07 

EFC_MARGIN
   0       
   0       
   0       
   0       
   0       
   0       
   0       
   0       
   0       
   0       
   0       
   0       
   0       
   0       
   0       
   0       

EFC_FRICTIONLOSS
   0       
   0       
   0       
   0       
   0       
   0       
   0       
   0       
   0       
   0       
   0       
   0       
   0       
   0       
   0       
   0       

EFC_DIAGAPPROX
   0.7     
   0.7     
   0.7     
   0.7     
   0.7     
   0.7     
   0.7     
   0.7     
   0.7     
   0.7     
   0.7     
   0.7     
   0.7     
   0.7     
   0.7     
   0.7     

EFC_KBIP
   2.8e+03   1.1e+02   0.9      -0.033   
   2.8e+03   1.1e+02   0.9      -0.033   
   2.8e+03   1.1e+02   0.9      -0.033   
   2.8e+03   1.1e+02   0.9      -0.033   
   2.8e+03   1.1e+02   0.9      -0.033   
   2.8e+03   1.1e+02   0.9      -0.033   
   2.8e+03   1.1e+02   0.9      -0.033   
   2.8e+03   1.1e+02   0.9      -0.033   
   2.8e+03   1.1e+02   0.9      -0.033   
   2.8e+03   1.1e+02   0.9      -0.033   
   2.8e+03   1.1e+02   0.9      -0.033   
   2.8e+03   1.1e+02   0.9      -0.033   
   2.8e+03   1.1e+02   0.9      -0.033   
   2.8e+03   1.1e+02   0.9      -0.033   
   2.8e+03   1.1e+02   0.9      -0.033   
   2.8e+03   1.1e+02   0.9      -0.033   

EFC_D
   13      
   13      
   13      
   13      
   13      
   13      
   13      
   13      
   13      
   13      
   13      
   13      
   13      
   13      
   13      
   13      

EFC_R
   0.078   
   0.078   
   0.078   
   0.078   
   0.078   
   0.078   
   0.078   
   0.078   
   0.078   
   0.078   
   0.078   
   0.078   
   0.078   
   0.078   
   0.078   
   0.078   

CVEL
   0         0         0         0         0         0       
   0         0         0         0         0         0       
   0         0         0         0         0         0       
   0         0         0         0         0         0       
   0         0         0         0         0         0       

CDOF_DOT
  -0         0         0         0         0         0       
   0         0        -0         0         0         0       
  -0         0         0         0         0         0       
   0         0        -0         0         0         0       

QFRC_BIAS
   0       
   0.085   
  -0.029   
   0.0033  

QFRC_SPRING
   0       
   0       
   0       
   0       

QFRC_DAMPER
   0       
   0       
   0       
   0       

QFRC_GRAVCOMP
   0       
   0       
   0       
   0       

QFRC_FLUID
   0       
   0       
   0       
   0       

QFRC_PASSIVE
   0       
   0       
   0       
   0       

EFC_VEL
   0       
   0       
   0       
   0       
   0       
   0       
   0       
   0       
   0       
   0       
   0       
   0       
   0       
   0       
   0       
   0       

EFC_AREF
   0.00041 
   0.00041 
   0.00041 
   0.00041 
   0.00041 
   0.00041 
   0.00041 
   0.00041 
   0.00041 
   0.00041 
   0.00041 
   0.00041 
   0.00041 
   0.00041 
   0.00041 
   0.00041 

SUBTREE_LINVEL
   0         0         0       
   0         0         0       
   0         0         0       
   0         0         0       
   0         0         0       

SUBTREE_ANGMOM
   0         0         0       
   0         0         0       
   0         0         0       
   0         0         0       
   0         0         0       

QFRC_ACTUATOR
   0       
   0       
   0       
   0       

QFRC_SMOOTH
   0       
  -0.085   
   0.029   
  -0.0033  

QACC_SMOOTH
  -1.3     
  -65      
   16      
   1.3e+02 

EFC_B
  -0.011   
   0.01    
   0.0054  
  -0.0063  
   0.0098  
  -0.011   
  -0.0071  
   0.0063  
  -0.0075  
   0.0067  
  -0.01    
   0.0095  
   0.0059  
  -0.0067  
   0.01    
  -0.011   

EFC_FORCE
   0.025   
   0       
   0       
   0.016   
   0       
   0.024   
   0.017   
   0       
   0.018   
   0       
   0.023   
   0       
   0       
   0.017   
   0       
   0.024   

EFC_STATE
  1
  0
  0
  1
  0
  1
  1
  0
  1
  0
  1
  0
  0
  1
  0
  1

QFRC_CONSTRAINT
   0.0011  
   0       
   0       
   0       

QFRC_INVERSE
   0       
   0       
   0       
   0       

CACC
   0         0         0         0         0         0       
   0         0         0         0         0         0       
   0         0         0         0         0         0       
   0         0         0         0         0         0       
   0         0         0         0         0         0       

CFRC_INT
   0         0         0         0         0         0       
   0         0         0         0         0         0       
   0         0         0         0         0         0       
   0         0         0         0         0         0       
   0         0         0         0         0         0       

CFRC_EXT
   0         0         0         0         0         0       
   0         0         0         0         0         0       
   0         0         0         0         0         0       
   0         0         0         0         0         0       
   0         0         0         0         0         0       

TREE_ISLAND
  0

ISLAND_NTREE
  1

ISLAND_ITREEADR
  0

MAP_ITREE2TREE
  0

DOF_ISLAND            0 0 0 0

ISLAND_NV             4

ISLAND_IDOFADR        0

MAP_IDOF2DOF          0 1 2 3

EFC_ISLAND            0 0 0 0 0 0 0 0 0 0 0 0 0 0 0 0

ISLAND_NEFC           16

ISLAND_IEFCADR        0

MAP_IEFC2EFC          0 1 2 3 4 5 6 7 8 9 10 11 12 13 14 15

